    // from 0 left to 255 right step 85
    const reds = [
        0, 85, 190, 255,            
        0, 85, 190, 255,            
        0, 85, 190, 255,            
        0, 85, 190, 255          
    ]

    // green from 0 (bottom) to 255 (top) step 85
    const greens= [
        255, 255, 255, 225,
        190, 190, 190, 190,
         85,  85,  85,  85,
          0,   0,   0,   0
    ]

    const blues = [
        0,  85, 190, 255,
        0,   0,  85, 190,
        0,   0,   0,  85,
        0,   0,   0,   0
    ]
